# Processed Depth Image (Policy Input)
# Shape: (58, 87) (H x W)
# Range: [-0.5, 0.5] (near=0.3m, far=3.0m)
# Min: -0.5000, Max: 0.5000, Mean: -0.0609
#
# Values (row by row):
0.5000, 0.5000, 0.5000, 0.5000, 0.5000, 0.5000, 0.5000, 0.5000, 0.5000, 0.5000, 0.5000, 0.5000, 0.5000, 0.5000, 0.5000, 0.5000, 0.5000, 0.5000, 0.5000, 0.5000, 0.5000, 0.5000, 0.5000, 0.5000, 0.5000, 0.5000, 0.5000, 0.5000, 0.5000, 0.5000, 0.5000, 0.5000, 0.5000, 0.5000, 0.5000, 0.5000, 0.5000, 0.5000, 0.5000, 0.5000, 0.5000, 0.5000, 0.5000, 0.5000, 0.5000, 0.5000, 0.5000, 0.5000, 0.5000, 0.5000, 0.5000, 0.5000, 0.5000, 0.5000, 0.5000, 0.5000, 0.5000, 0.5000, 0.5000, 0.5000, 0.5000, 0.5000, 0.5000, 0.5000, 0.5000, 0.5000, 0.4997, 0.4693, 0.3630, 0.3029, 0.2519, 0.1995, 0.1714, 0.1684, 0.1629, 0.1540, 0.1567, 0.1593, 0.1683, 0.1781, 0.1639, 0.1477, 0.1663, 0.1517, 0.1277, 0.1351, 0.1363
0.5000, 0.5000, 0.5000, 0.5000, 0.5000, 0.5000, 0.5000, 0.5000, 0.5000, 0.5000, 0.5000, 0.5000, 0.5000, 0.5000, 0.5000, 0.5000, 0.5000, 0.5000, 0.5000, 0.5000, 0.5000, 0.5000, 0.5000, 0.5000, 0.5000, 0.5000, 0.5000, 0.5000, 0.5000, 0.5000, 0.5000, 0.5000, 0.5000, 0.5000, 0.5000, 0.5000, 0.5000, 0.5000, 0.5000, 0.5000, 0.5000, 0.5000, 0.5000, 0.5000, 0.5000, 0.5000, 0.5000, 0.5000, 0.5000, 0.5000, 0.5000, 0.5000, 0.5000, 0.5000, 0.5000, 0.5000, 0.5000, 0.5000, 0.5000, 0.5000, 0.5000, 0.5000, 0.5000, 0.5000, 0.5000, 0.5000, 0.4769, 0.3618, 0.3319, 0.3205, 0.2784, 0.2337, 0.2177, 0.2056, 0.1916, 0.1765, 0.1881, 0.2026, 0.2238, 0.2638, 0.2910, 0.3059, 0.3626, 0.3445, 0.2454, 0.2696, 0.2726
0.5000, 0.5000, 0.5000, 0.5000, 0.5000, 0.5000, 0.5000, 0.5000, 0.5000, 0.5000, 0.5000, 0.5000, 0.5000, 0.5000, 0.5000, 0.5000, 0.5000, 0.5000, 0.5000, 0.5000, 0.5000, 0.5000, 0.5000, 0.5000, 0.5000, 0.5000, 0.5000, 0.5000, 0.5000, 0.5000, 0.5000, 0.5000, 0.5000, 0.5000, 0.5000, 0.5000, 0.5000, 0.5000, 0.5000, 0.5000, 0.5000, 0.5000, 0.5000, 0.5000, 0.5000, 0.5000, 0.5000, 0.5000, 0.5000, 0.5000, 0.5000, 0.5000, 0.5000, 0.5000, 0.5000, 0.5000, 0.5000, 0.5000, 0.5000, 0.5000, 0.5000, 0.5000, 0.5000, 0.5000, 0.5000, 0.4992, 0.4140, 0.3118, 0.3206, 0.3139, 0.2690, 0.2477, 0.2455, 0.2123, 0.1788, 0.1966, 0.2332, 0.2404, 0.2621, 0.3121, 0.3306, 0.3394, 0.3668, 0.3769, 0.3547, 0.3245, 0.2943
0.5000, 0.5000, 0.5000, 0.5000, 0.5000, 0.5000, 0.5000, 0.5000, 0.5000, 0.5000, 0.5000, 0.5000, 0.5000, 0.5000, 0.5000, 0.5000, 0.5000, 0.5000, 0.5000, 0.5000, 0.5000, 0.5000, 0.5000, 0.5000, 0.5000, 0.5000, 0.5000, 0.5000, 0.5000, 0.5000, 0.5000, 0.5000, 0.5000, 0.5000, 0.5000, 0.5000, 0.5000, 0.5000, 0.5000, 0.5000, 0.5000, 0.5000, 0.5000, 0.5000, 0.5000, 0.5000, 0.5000, 0.5000, 0.5000, 0.5000, 0.5000, 0.5000, 0.5000, 0.5000, 0.5000, 0.5000, 0.5000, 0.5000, 0.5000, 0.5000, 0.5000, 0.5000, 0.5000, 0.5000, 0.5000, 0.4997, 0.4749, 0.4169, 0.4123, 0.3936, 0.3363, 0.3190, 0.3351, 0.3472, 0.3442, 0.3491, 0.3161, 0.2862, 0.3262, 0.3913, 0.3640, 0.3339, 0.3330, 0.3317, 0.3214, 0.3011, 0.2954
0.5000, 0.5000, 0.5000, 0.5000, 0.5000, 0.5000, 0.5000, 0.5000, 0.5000, 0.5000, 0.5000, 0.5000, 0.5000, 0.5000, 0.5000, 0.5000, 0.5000, 0.5000, 0.5000, 0.5000, 0.5000, 0.5000, 0.5000, 0.5000, 0.5000, 0.5000, 0.5000, 0.5000, 0.5000, 0.5000, 0.5000, 0.5000, 0.5000, 0.5000, 0.5000, 0.5000, 0.5000, 0.5000, 0.5000, 0.5000, 0.5000, 0.5000, 0.5000, 0.5000, 0.5000, 0.5000, 0.5000, 0.5000, 0.5000, 0.5000, 0.5000, 0.5000, 0.5000, 0.5000, 0.5000, 0.5000, 0.5000, 0.5000, 0.5000, 0.5000, 0.5000, 0.5000, 0.5000, 0.5000, 0.5000, 0.5000, 0.5000, 0.4998, 0.4988, 0.4839, 0.4588, 0.4686, 0.4939, 0.4983, 0.4994, 0.4989, 0.4861, 0.4370, 0.3707, 0.4176, 0.4520, 0.4028, 0.3582, 0.3419, 0.3363, 0.3240, 0.3225
0.5000, 0.5000, 0.5000, 0.5000, 0.5000, 0.5000, 0.5000, 0.5000, 0.5000, 0.5000, 0.5000, 0.5000, 0.5000, 0.5000, 0.5000, 0.5000, 0.5000, 0.5000, 0.5000, 0.5000, 0.5000, 0.5000, 0.5000, 0.5000, 0.5000, 0.5000, 0.5000, 0.5000, 0.5000, 0.5000, 0.5000, 0.5000, 0.5000, 0.5000, 0.5000, 0.5000, 0.5000, 0.5000, 0.5000, 0.5000, 0.5000, 0.5000, 0.5000, 0.5000, 0.5000, 0.5000, 0.5000, 0.5000, 0.5000, 0.5000, 0.5000, 0.5000, 0.5000, 0.5000, 0.5000, 0.5000, 0.5000, 0.5000, 0.5000, 0.5000, 0.5000, 0.5000, 0.5000, 0.5000, 0.5000, 0.5000, 0.5000, 0.5000, 0.5000, 0.4990, 0.4951, 0.4738, 0.4563, 0.4805, 0.5000, 0.5000, 0.5000, 0.4798, 0.4138, 0.4466, 0.4992, 0.4847, 0.4187, 0.3589, 0.3469, 0.3393, 0.3317
0.5000, 0.4999, 0.5000, 0.5000, 0.5000, 0.5000, 0.5000, 0.5000, 0.5000, 0.5000, 0.5000, 0.5000, 0.5000, 0.5000, 0.5000, 0.5000, 0.5000, 0.5000, 0.5000, 0.5000, 0.5000, 0.5000, 0.5000, 0.5000, 0.5000, 0.5000, 0.5000, 0.5000, 0.5000, 0.5000, 0.5000, 0.5000, 0.5000, 0.5000, 0.5000, 0.5000, 0.5000, 0.5000, 0.5000, 0.5000, 0.5000, 0.5000, 0.5000, 0.5000, 0.5000, 0.5000, 0.5000, 0.5000, 0.5000, 0.5000, 0.5000, 0.5000, 0.5000, 0.5000, 0.5000, 0.5000, 0.5000, 0.5000, 0.5000, 0.5000, 0.5000, 0.5000, 0.5000, 0.5000, 0.5000, 0.5000, 0.5000, 0.5000, 0.5000, 0.4951, 0.4357, 0.4117, 0.4078, 0.4576, 0.5000, 0.5000, 0.5000, 0.5000, 0.4998, 0.5000, 0.5000, 0.4947, 0.4405, 0.3638, 0.3375, 0.3274, 0.3238
0.4985, 0.4981, 0.5000, 0.5000, 0.5000, 0.5000, 0.5000, 0.5000, 0.5000, 0.5000, 0.5000, 0.5000, 0.5000, 0.5000, 0.5000, 0.5000, 0.5000, 0.5000, 0.5000, 0.5000, 0.5000, 0.5000, 0.5000, 0.5000, 0.5000, 0.5000, 0.5000, 0.5000, 0.5000, 0.5000, 0.5000, 0.5000, 0.5000, 0.5000, 0.5000, 0.5000, 0.5000, 0.5000, 0.5000, 0.5000, 0.5000, 0.5000, 0.5000, 0.5000, 0.5000, 0.5000, 0.5000, 0.5000, 0.5000, 0.5000, 0.5000, 0.5000, 0.5000, 0.5000, 0.5000, 0.5000, 0.5000, 0.5000, 0.5000, 0.5000, 0.5000, 0.5000, 0.5000, 0.5000, 0.5000, 0.5000, 0.5000, 0.5000, 0.5000, 0.5000, 0.4995, 0.4967, 0.4913, 0.4997, 0.5000, 0.5000, 0.5000, 0.5000, 0.4966, 0.4719, 0.4156, 0.3589, 0.2974, 0.3026, 0.3155, 0.3180, 0.3090
0.5000, 0.5000, 0.5000, 0.5000, 0.5000, 0.5000, 0.5000, 0.5000, 0.5000, 0.5000, 0.5000, 0.5000, 0.5000, 0.5000, 0.5000, 0.5000, 0.5000, 0.5000, 0.5000, 0.5000, 0.5000, 0.5000, 0.5000, 0.5000, 0.5000, 0.5000, 0.5000, 0.5000, 0.5000, 0.5000, 0.5000, 0.5000, 0.5000, 0.5000, 0.5000, 0.5000, 0.5000, 0.5000, 0.5000, 0.5000, 0.5000, 0.5000, 0.5000, 0.5000, 0.5000, 0.5000, 0.5000, 0.5000, 0.5000, 0.5000, 0.5000, 0.5000, 0.5000, 0.5000, 0.5000, 0.5000, 0.5000, 0.5000, 0.5000, 0.5000, 0.5000, 0.5000, 0.5000, 0.5000, 0.5000, 0.5000, 0.5000, 0.5000, 0.5000, 0.5000, 0.5000, 0.4997, 0.4991, 0.4999, 0.5000, 0.4917, 0.4618, 0.4276, 0.3767, 0.3095, 0.2437, 0.2045, 0.1948, 0.2182, 0.2692, 0.2776, 0.2612
0.5000, 0.5000, 0.5000, 0.5000, 0.5000, 0.5000, 0.5000, 0.5000, 0.5000, 0.5000, 0.5000, 0.5000, 0.5000, 0.5000, 0.5000, 0.5000, 0.5000, 0.5000, 0.5000, 0.5000, 0.5000, 0.5000, 0.5000, 0.5000, 0.5000, 0.5000, 0.5000, 0.5000, 0.5000, 0.5000, 0.5000, 0.5000, 0.5000, 0.5000, 0.5000, 0.5000, 0.5000, 0.5000, 0.5000, 0.5000, 0.5000, 0.5000, 0.5000, 0.5000, 0.5000, 0.5000, 0.5000, 0.5000, 0.5000, 0.5000, 0.5000, 0.5000, 0.5000, 0.5000, 0.5000, 0.5000, 0.5000, 0.5000, 0.5000, 0.5000, 0.5000, 0.5000, 0.5000, 0.5000, 0.5000, 0.5000, 0.5000, 0.5000, 0.5000, 0.5000, 0.4992, 0.4947, 0.4943, 0.4888, 0.4724, 0.4181, 0.3639, 0.3349, 0.3143, 0.2818, 0.2467, 0.2084, 0.1954, 0.2241, 0.2799, 0.2981, 0.3045
0.5000, 0.5000, 0.5000, 0.5000, 0.5000, 0.5000, 0.5000, 0.5000, 0.5000, 0.5000, 0.5000, 0.5000, 0.5000, 0.5000, 0.5000, 0.5000, 0.5000, 0.5000, 0.5000, 0.5000, 0.5000, 0.5000, 0.5000, 0.5000, 0.5000, 0.5000, 0.5000, 0.5000, 0.5000, 0.5000, 0.5000, 0.5000, 0.5000, 0.5000, 0.5000, 0.5000, 0.5000, 0.5000, 0.5000, 0.5000, 0.5000, 0.5000, 0.5000, 0.5000, 0.5000, 0.5000, 0.5000, 0.5000, 0.5000, 0.5000, 0.5000, 0.5000, 0.5000, 0.5000, 0.5000, 0.5000, 0.5000, 0.5000, 0.5000, 0.5000, 0.5000, 0.5000, 0.5000, 0.5000, 0.5000, 0.5000, 0.5000, 0.4986, 0.4996, 0.5000, 0.5000, 0.4995, 0.4891, 0.4809, 0.4381, 0.3738, 0.3518, 0.3259, 0.2869, 0.2425, 0.2244, 0.2063, 0.1954, 0.2111, 0.2474, 0.2703, 0.3031
0.5000, 0.5000, 0.5000, 0.5000, 0.5000, 0.5000, 0.5000, 0.5000, 0.5000, 0.5000, 0.5000, 0.5000, 0.5000, 0.5000, 0.5000, 0.5000, 0.5000, 0.5000, 0.5000, 0.5000, 0.5000, 0.5000, 0.5000, 0.5000, 0.5000, 0.5000, 0.5000, 0.5000, 0.5000, 0.5000, 0.5000, 0.5000, 0.5000, 0.5000, 0.5000, 0.5000, 0.5000, 0.5000, 0.5000, 0.5000, 0.5000, 0.5000, 0.5000, 0.5000, 0.5000, 0.5000, 0.5000, 0.5000, 0.5000, 0.5000, 0.5000, 0.5000, 0.5000, 0.5000, 0.5000, 0.5000, 0.5000, 0.5000, 0.5000, 0.5000, 0.5000, 0.5000, 0.5000, 0.5000, 0.5000, 0.5000, 0.5000, 0.5000, 0.5000, 0.4916, 0.4682, 0.4682, 0.4775, 0.4518, 0.3935, 0.3601, 0.3508, 0.3071, 0.2656, 0.2296, 0.2059, 0.1963, 0.2078, 0.2351, 0.2860, 0.3194, 0.3726
0.5000, 0.5000, 0.5000, 0.5000, 0.5000, 0.5000, 0.5000, 0.5000, 0.5000, 0.5000, 0.5000, 0.5000, 0.5000, 0.5000, 0.5000, 0.5000, 0.5000, 0.5000, 0.5000, 0.5000, 0.5000, 0.5000, 0.5000, 0.5000, 0.5000, 0.5000, 0.5000, 0.5000, 0.5000, 0.5000, 0.5000, 0.5000, 0.5000, 0.5000, 0.5000, 0.5000, 0.5000, 0.5000, 0.5000, 0.5000, 0.5000, 0.5000, 0.5000, 0.5000, 0.5000, 0.5000, 0.5000, 0.5000, 0.5000, 0.5000, 0.5000, 0.5000, 0.5000, 0.5000, 0.5000, 0.5000, 0.5000, 0.5000, 0.5000, 0.5000, 0.5000, 0.5000, 0.5000, 0.5000, 0.5000, 0.5000, 0.5000, 0.5000, 0.5000, 0.4986, 0.4865, 0.4857, 0.4951, 0.4861, 0.4212, 0.3764, 0.3531, 0.3069, 0.2648, 0.2357, 0.2232, 0.2182, 0.2307, 0.2450, 0.2808, 0.3330, 0.3592
0.5000, 0.5000, 0.5000, 0.5000, 0.5000, 0.5000, 0.5000, 0.5000, 0.5000, 0.5000, 0.5000, 0.5000, 0.5000, 0.5000, 0.5000, 0.5000, 0.5000, 0.5000, 0.5000, 0.5000, 0.5000, 0.5000, 0.5000, 0.5000, 0.5000, 0.5000, 0.5000, 0.5000, 0.5000, 0.5000, 0.5000, 0.5000, 0.5000, 0.5000, 0.5000, 0.5000, 0.5000, 0.5000, 0.5000, 0.5000, 0.5000, 0.5000, 0.5000, 0.5000, 0.5000, 0.5000, 0.5000, 0.5000, 0.5000, 0.5000, 0.5000, 0.5000, 0.5000, 0.5000, 0.5000, 0.5000, 0.5000, 0.5000, 0.5000, 0.5000, 0.5000, 0.5000, 0.5000, 0.5000, 0.5000, 0.5000, 0.5000, 0.5000, 0.5000, 0.5000, 0.5000, 0.5000, 0.4997, 0.4866, 0.4243, 0.3881, 0.3617, 0.2963, 0.2640, 0.2459, 0.2275, 0.2084, 0.2090, 0.2331, 0.2600, 0.2899, 0.3030
0.5000, 0.5000, 0.5000, 0.5000, 0.5000, 0.5000, 0.5000, 0.5000, 0.5000, 0.5000, 0.5000, 0.5000, 0.5000, 0.5000, 0.5000, 0.5000, 0.5000, 0.5000, 0.5000, 0.5000, 0.5000, 0.5000, 0.5000, 0.5000, 0.5000, 0.5000, 0.5000, 0.5000, 0.5000, 0.5000, 0.5000, 0.5000, 0.5000, 0.5000, 0.5000, 0.5000, 0.5000, 0.5000, 0.5000, 0.5000, 0.5000, 0.5000, 0.5000, 0.5000, 0.5000, 0.5000, 0.5000, 0.5000, 0.5000, 0.5000, 0.5000, 0.5000, 0.5000, 0.5000, 0.5000, 0.5000, 0.5000, 0.5000, 0.5000, 0.5000, 0.5000, 0.5000, 0.5000, 0.5000, 0.5000, 0.5000, 0.5000, 0.5000, 0.5000, 0.5000, 0.5000, 0.5000, 0.4997, 0.4833, 0.4149, 0.3947, 0.3683, 0.3185, 0.2929, 0.2568, 0.2215, 0.1941, 0.1830, 0.2084, 0.2255, 0.2241, 0.2254
0.5000, 0.5000, 0.5000, 0.5000, 0.5000, 0.5000, 0.5000, 0.5000, 0.5000, 0.5000, 0.5000, 0.5000, 0.5000, 0.5000, 0.5000, 0.5000, 0.5000, 0.5000, 0.5000, 0.5000, 0.5000, 0.5000, 0.5000, 0.5000, 0.5000, 0.5000, 0.5000, 0.5000, 0.5000, 0.5000, 0.5000, 0.5000, 0.5000, 0.5000, 0.5000, 0.5000, 0.5000, 0.5000, 0.5000, 0.5000, 0.5000, 0.5000, 0.5000, 0.5000, 0.5000, 0.5000, 0.5000, 0.5000, 0.5000, 0.5000, 0.5000, 0.5000, 0.5000, 0.5000, 0.5000, 0.5000, 0.5000, 0.5000, 0.5000, 0.5000, 0.5000, 0.5000, 0.5000, 0.5000, 0.5000, 0.5000, 0.5000, 0.5000, 0.5000, 0.5000, 0.5000, 0.5000, 0.5000, 0.4858, 0.4255, 0.3984, 0.3557, 0.2963, 0.2699, 0.2492, 0.2248, 0.2061, 0.1967, 0.2002, 0.2084, 0.2185, 0.2093
0.5000, 0.5000, 0.5000, 0.5000, 0.5000, 0.5000, 0.5000, 0.5000, 0.5000, 0.5000, 0.5000, 0.5000, 0.5000, 0.5000, 0.5000, 0.5000, 0.5000, 0.5000, 0.5000, 0.5000, 0.5000, 0.5000, 0.5000, 0.5000, 0.5000, 0.5000, 0.5000, 0.5000, 0.5000, 0.5000, 0.5000, 0.5000, 0.5000, 0.5000, 0.5000, 0.5000, 0.5000, 0.5000, 0.5000, 0.5000, 0.5000, 0.5000, 0.5000, 0.5000, 0.5000, 0.5000, 0.5000, 0.5000, 0.5000, 0.5000, 0.5000, 0.5000, 0.5000, 0.5000, 0.5000, 0.5000, 0.5000, 0.5000, 0.5000, 0.5000, 0.5000, 0.5000, 0.5000, 0.5000, 0.5000, 0.5000, 0.5000, 0.5000, 0.5000, 0.5000, 0.5000, 0.5000, 0.4973, 0.4737, 0.4381, 0.4053, 0.3588, 0.3137, 0.2911, 0.2666, 0.2360, 0.2163, 0.2125, 0.2047, 0.2056, 0.2188, 0.2088
0.5000, 0.4999, 0.4994, 0.5000, 0.5000, 0.5000, 0.5000, 0.5000, 0.5000, 0.5000, 0.5000, 0.5000, 0.5000, 0.5000, 0.5000, 0.5000, 0.5000, 0.5000, 0.5000, 0.5000, 0.5000, 0.5000, 0.5000, 0.5000, 0.5000, 0.5000, 0.5000, 0.5000, 0.5000, 0.5000, 0.5000, 0.5000, 0.5000, 0.5000, 0.5000, 0.5000, 0.5000, 0.5000, 0.5000, 0.5000, 0.5000, 0.5000, 0.5000, 0.5000, 0.5000, 0.5000, 0.5000, 0.5000, 0.5000, 0.5000, 0.5000, 0.5000, 0.5000, 0.5000, 0.5000, 0.5000, 0.5000, 0.5000, 0.5000, 0.5000, 0.5000, 0.5000, 0.5000, 0.5000, 0.5000, 0.5000, 0.5000, 0.5000, 0.5000, 0.5000, 0.5000, 0.5000, 0.4945, 0.4513, 0.4211, 0.4077, 0.3704, 0.3567, 0.3609, 0.3306, 0.2559, 0.2157, 0.2166, 0.2382, 0.2668, 0.2573, 0.2265
0.5000, 0.4709, 0.4213, 0.4785, 0.4996, 0.5000, 0.5000, 0.5000, 0.5000, 0.5000, 0.5000, 0.5000, 0.5000, 0.5000, 0.5000, 0.5000, 0.5000, 0.5000, 0.5000, 0.5000, 0.5000, 0.5000, 0.5000, 0.5000, 0.5000, 0.5000, 0.5000, 0.5000, 0.5000, 0.5000, 0.5000, 0.5000, 0.5000, 0.5000, 0.5000, 0.5000, 0.5000, 0.5000, 0.5000, 0.5000, 0.5000, 0.5000, 0.5000, 0.5000, 0.5000, 0.5000, 0.5000, 0.5000, 0.5000, 0.5000, 0.5000, 0.5000, 0.5000, 0.5000, 0.5000, 0.5000, 0.5000, 0.5000, 0.5000, 0.5000, 0.5000, 0.5000, 0.5000, 0.5000, 0.5000, 0.5000, 0.5000, 0.5000, 0.5000, 0.5000, 0.4993, 0.4977, 0.4912, 0.4566, 0.4219, 0.3997, 0.3568, 0.3539, 0.3597, 0.2988, 0.2273, 0.2153, 0.2190, 0.2305, 0.2384, 0.2095, 0.1829
0.4439, 0.4027, 0.3643, 0.3678, 0.3979, 0.4211, 0.4273, 0.4309, 0.4274, 0.4281, 0.4324, 0.4334, 0.4389, 0.4447, 0.4446, 0.4448, 0.4471, 0.4463, 0.4402, 0.4370, 0.4388, 0.4406, 0.4447, 0.4465, 0.4470, 0.4445, 0.4361, 0.4371, 0.4475, 0.4566, 0.4648, 0.4587, 0.4510, 0.4528, 0.4577, 0.4586, 0.4523, 0.4553, 0.4588, 0.4622, 0.4599, 0.4535, 0.4599, 0.4515, 0.4480, 0.4500, 0.4508, 0.4535, 0.4516, 0.4462, 0.4384, 0.4367, 0.4363, 0.4358, 0.4277, 0.4326, 0.4398, 0.4328, 0.4282, 0.4226, 0.4204, 0.4147, 0.4011, 0.3991, 0.4078, 0.4038, 0.3956, 0.4035, 0.3999, 0.3920, 0.3860, 0.3772, 0.3687, 0.3644, 0.3567, 0.3403, 0.3173, 0.3072, 0.2996, 0.2582, 0.2272, 0.2234, 0.2203, 0.2103, 0.1974, 0.1859, 0.1734
0.2247, 0.2218, 0.2219, 0.2181, 0.2138, 0.2179, 0.2231, 0.2259, 0.2237, 0.2226, 0.2201, 0.2216, 0.2293, 0.2303, 0.2305, 0.2326, 0.2314, 0.2313, 0.2358, 0.2331, 0.2262, 0.2253, 0.2241, 0.2332, 0.2413, 0.2380, 0.2342, 0.2296, 0.2342, 0.2436, 0.2460, 0.2429, 0.2368, 0.2391, 0.2413, 0.2368, 0.2337, 0.2373, 0.2394, 0.2359, 0.2380, 0.2398, 0.2502, 0.2466, 0.2331, 0.2321, 0.2390, 0.2374, 0.2361, 0.2332, 0.2279, 0.2275, 0.2242, 0.2266, 0.2220, 0.2184, 0.2153, 0.2106, 0.2125, 0.2152, 0.2161, 0.2167, 0.2112, 0.2079, 0.2098, 0.2156, 0.2144, 0.2153, 0.2099, 0.2046, 0.2008, 0.2002, 0.2007, 0.2005, 0.1958, 0.1904, 0.1847, 0.1812, 0.1790, 0.1757, 0.1715, 0.1685, 0.1611, 0.1528, 0.1466, 0.1417, 0.1299
0.0740, 0.0796, 0.0827, 0.0813, 0.0761, 0.0748, 0.0785, 0.0823, 0.0814, 0.0796, 0.0791, 0.0800, 0.0822, 0.0819, 0.0837, 0.0860, 0.0851, 0.0837, 0.0781, 0.0795, 0.0808, 0.0811, 0.0816, 0.0795, 0.0762, 0.0785, 0.0821, 0.0825, 0.0830, 0.0828, 0.0800, 0.0802, 0.0834, 0.0857, 0.0839, 0.0805, 0.0815, 0.0814, 0.0779, 0.0771, 0.0803, 0.0773, 0.0788, 0.0818, 0.0783, 0.0767, 0.0747, 0.0760, 0.0777, 0.0763, 0.0745, 0.0765, 0.0759, 0.0794, 0.0775, 0.0742, 0.0709, 0.0727, 0.0747, 0.0751, 0.0728, 0.0734, 0.0726, 0.0693, 0.0676, 0.0700, 0.0714, 0.0720, 0.0715, 0.0694, 0.0692, 0.0727, 0.0723, 0.0729, 0.0724, 0.0707, 0.0702, 0.0684, 0.0699, 0.0699, 0.0676, 0.0654, 0.0611, 0.0575, 0.0565, 0.0535, 0.0488
-0.0255, -0.0238, -0.0244, -0.0241, -0.0228, -0.0209, -0.0155, -0.0145, -0.0207, -0.0215, -0.0209, -0.0207, -0.0226, -0.0251, -0.0258, -0.0264, -0.0234, -0.0234, -0.0251, -0.0267, -0.0241, -0.0224, -0.0221, -0.0247, -0.0253, -0.0228, -0.0232, -0.0264, -0.0259, -0.0255, -0.0255, -0.0270, -0.0243, -0.0243, -0.0225, -0.0226, -0.0237, -0.0248, -0.0271, -0.0271, -0.0264, -0.0269, -0.0249, -0.0235, -0.0242, -0.0301, -0.0290, -0.0248, -0.0275, -0.0302, -0.0318, -0.0333, -0.0328, -0.0313, -0.0278, -0.0283, -0.0329, -0.0336, -0.0312, -0.0307, -0.0337, -0.0342, -0.0325, -0.0310, -0.0330, -0.0346, -0.0317, -0.0304, -0.0309, -0.0307, -0.0299, -0.0329, -0.0333, -0.0334, -0.0341, -0.0346, -0.0343, -0.0360, -0.0351, -0.0343, -0.0346, -0.0359, -0.0376, -0.0364, -0.0350, -0.0355, -0.0350
-0.0960, -0.0974, -0.0979, -0.0981, -0.0989, -0.1005, -0.1009, -0.1021, -0.1067, -0.1079, -0.1073, -0.1045, -0.1048, -0.1065, -0.1056, -0.1045, -0.1031, -0.1002, -0.1008, -0.1038, -0.1055, -0.1048, -0.1064, -0.1080, -0.1067, -0.1029, -0.1020, -0.1041, -0.1040, -0.1044, -0.1026, -0.1016, -0.1039, -0.1037, -0.1037, -0.1028, -0.1013, -0.1017, -0.1046, -0.1055, -0.1050, -0.1044, -0.1028, -0.1017, -0.1040, -0.1043, -0.1017, -0.1030, -0.1055, -0.1041, -0.1037, -0.1061, -0.1049, -0.1044, -0.1055, -0.1082, -0.1086, -0.1074, -0.1070, -0.1083, -0.1094, -0.1082, -0.1078, -0.1094, -0.1102, -0.1086, -0.1070, -0.1068, -0.1098, -0.1126, -0.1116, -0.1111, -0.1098, -0.1098, -0.1108, -0.1117, -0.1122, -0.1117, -0.1105, -0.1101, -0.1097, -0.1090, -0.1093, -0.1102, -0.1095, -0.1085, -0.1087
-0.1563, -0.1584, -0.1606, -0.1630, -0.1634, -0.1640, -0.1631, -0.1631, -0.1655, -0.1657, -0.1646, -0.1633, -0.1628, -0.1632, -0.1630, -0.1641, -0.1641, -0.1623, -0.1623, -0.1630, -0.1640, -0.1640, -0.1643, -0.1641, -0.1648, -0.1634, -0.1621, -0.1631, -0.1634, -0.1637, -0.1631, -0.1636, -0.1624, -0.1619, -0.1626, -0.1625, -0.1630, -0.1633, -0.1661, -0.1658, -0.1650, -0.1645, -0.1637, -0.1634, -0.1641, -0.1643, -0.1624, -0.1610, -0.1638, -0.1653, -0.1651, -0.1675, -0.1675, -0.1665, -0.1664, -0.1686, -0.1686, -0.1673, -0.1684, -0.1683, -0.1683, -0.1676, -0.1680, -0.1685, -0.1681, -0.1682, -0.1689, -0.1687, -0.1693, -0.1712, -0.1708, -0.1689, -0.1683, -0.1690, -0.1704, -0.1710, -0.1709, -0.1691, -0.1679, -0.1674, -0.1665, -0.1678, -0.1681, -0.1684, -0.1688, -0.1686, -0.1681
-0.2077, -0.2097, -0.2112, -0.2102, -0.2095, -0.2094, -0.2099, -0.2106, -0.2097, -0.2083, -0.2106, -0.2113, -0.2102, -0.2101, -0.2106, -0.2103, -0.2107, -0.2104, -0.2103, -0.2111, -0.2109, -0.2113, -0.2115, -0.2114, -0.2111, -0.2101, -0.2097, -0.2103, -0.2110, -0.2116, -0.2110, -0.2097, -0.2082, -0.2090, -0.2086, -0.2086, -0.2088, -0.2106, -0.2117, -0.2108, -0.2101, -0.2094, -0.2107, -0.2117, -0.2119, -0.2104, -0.2103, -0.2116, -0.2123, -0.2112, -0.2101, -0.2114, -0.2120, -0.2123, -0.2132, -0.2132, -0.2141, -0.2137, -0.2141, -0.2138, -0.2142, -0.2151, -0.2138, -0.2138, -0.2149, -0.2144, -0.2143, -0.2152, -0.2156, -0.2149, -0.2157, -0.2161, -0.2154, -0.2161, -0.2162, -0.2163, -0.2173, -0.2175, -0.2169, -0.2173, -0.2174, -0.2164, -0.2144, -0.2139, -0.2142, -0.2148, -0.2155
-0.2461, -0.2461, -0.2466, -0.2470, -0.2475, -0.2469, -0.2478, -0.2488, -0.2489, -0.2487, -0.2487, -0.2483, -0.2476, -0.2479, -0.2493, -0.2488, -0.2481, -0.2479, -0.2487, -0.2480, -0.2489, -0.2503, -0.2497, -0.2498, -0.2498, -0.2498, -0.2496, -0.2491, -0.2489, -0.2492, -0.2482, -0.2474, -0.2475, -0.2474, -0.2483, -0.2488, -0.2485, -0.2492, -0.2485, -0.2490, -0.2483, -0.2483, -0.2505, -0.2490, -0.2485, -0.2478, -0.2488, -0.2491, -0.2498, -0.2498, -0.2503, -0.2501, -0.2490, -0.2488, -0.2502, -0.2505, -0.2503, -0.2503, -0.2501, -0.2511, -0.2517, -0.2518, -0.2514, -0.2517, -0.2525, -0.2522, -0.2513, -0.2514, -0.2515, -0.2517, -0.2519, -0.2527, -0.2526, -0.2518, -0.2524, -0.2528, -0.2529, -0.2533, -0.2534, -0.2537, -0.2536, -0.2534, -0.2537, -0.2537, -0.2537, -0.2527, -0.2530
-0.2776, -0.2781, -0.2789, -0.2805, -0.2804, -0.2791, -0.2801, -0.2806, -0.2810, -0.2808, -0.2804, -0.2798, -0.2791, -0.2793, -0.2796, -0.2797, -0.2805, -0.2806, -0.2804, -0.2808, -0.2809, -0.2809, -0.2803, -0.2809, -0.2803, -0.2796, -0.2793, -0.2799, -0.2801, -0.2803, -0.2801, -0.2797, -0.2792, -0.2788, -0.2805, -0.2802, -0.2801, -0.2803, -0.2806, -0.2809, -0.2803, -0.2807, -0.2815, -0.2804, -0.2793, -0.2800, -0.2813, -0.2812, -0.2813, -0.2816, -0.2822, -0.2822, -0.2809, -0.2807, -0.2816, -0.2821, -0.2814, -0.2813, -0.2818, -0.2826, -0.2824, -0.2816, -0.2821, -0.2828, -0.2830, -0.2838, -0.2831, -0.2820, -0.2833, -0.2841, -0.2845, -0.2843, -0.2847, -0.2848, -0.2849, -0.2845, -0.2843, -0.2840, -0.2835, -0.2838, -0.2843, -0.2836, -0.2834, -0.2834, -0.2836, -0.2831, -0.2826
-0.3034, -0.3046, -0.3046, -0.3054, -0.3060, -0.3057, -0.3054, -0.3053, -0.3057, -0.3062, -0.3059, -0.3056, -0.3058, -0.3062, -0.3063, -0.3058, -0.3055, -0.3055, -0.3050, -0.3056, -0.3064, -0.3063, -0.3062, -0.3059, -0.3059, -0.3060, -0.3051, -0.3055, -0.3065, -0.3070, -0.3065, -0.3057, -0.3053, -0.3055, -0.3058, -0.3059, -0.3064, -0.3064, -0.3063, -0.3058, -0.3060, -0.3062, -0.3066, -0.3059, -0.3053, -0.3056, -0.3068, -0.3059, -0.3056, -0.3071, -0.3070, -0.3067, -0.3063, -0.3066, -0.3068, -0.3071, -0.3073, -0.3069, -0.3065, -0.3072, -0.3076, -0.3072, -0.3074, -0.3076, -0.3080, -0.3083, -0.3084, -0.3085, -0.3081, -0.3083, -0.3090, -0.3093, -0.3092, -0.3097, -0.3100, -0.3093, -0.3088, -0.3084, -0.3087, -0.3093, -0.3097, -0.3095, -0.3084, -0.3077, -0.3075, -0.3076, -0.3081
-0.1254, -0.3261, -0.3263, -0.3268, -0.3268, -0.3267, -0.3273, -0.3275, -0.3279, -0.3281, -0.3282, -0.3283, -0.3282, -0.3278, -0.3277, -0.3279, -0.3283, -0.3285, -0.3276, -0.3276, -0.3282, -0.3287, -0.3289, -0.3282, -0.3276, -0.3284, -0.3284, -0.3286, -0.3284, -0.3284, -0.3286, -0.3289, -0.3285, -0.3284, -0.3284, -0.3284, -0.3282, -0.3282, -0.3285, -0.3279, -0.3281, -0.3286, -0.3282, -0.3281, -0.3282, -0.3286, -0.3290, -0.3283, -0.3293, -0.3292, -0.3283, -0.3280, -0.3290, -0.3291, -0.3281, -0.3285, -0.3293, -0.3295, -0.3295, -0.3290, -0.3294, -0.3297, -0.3293, -0.3292, -0.3297, -0.3301, -0.3298, -0.3295, -0.3298, -0.3302, -0.3305, -0.3310, -0.3305, -0.3300, -0.3300, -0.3308, -0.3312, -0.3306, -0.3304, -0.3311, -0.3313, -0.3315, -0.3308, -0.3304, -0.3308, -0.3300, -0.3299
0.1147, -0.3456, -0.3456, -0.3457, -0.3462, -0.3465, -0.3467, -0.3469, -0.3470, -0.3469, -0.3469, -0.3463, -0.3460, -0.3466, -0.3470, -0.3471, -0.3468, -0.3465, -0.3460, -0.3461, -0.3464, -0.3470, -0.3471, -0.3472, -0.3469, -0.3466, -0.3464, -0.3467, -0.3472, -0.3471, -0.3472, -0.3473, -0.3467, -0.3467, -0.3469, -0.3468, -0.3466, -0.3468, -0.3474, -0.3475, -0.3474, -0.3474, -0.3475, -0.3470, -0.3467, -0.3467, -0.3471, -0.3470, -0.3481, -0.3476, -0.3473, -0.3474, -0.3477, -0.3483, -0.3489, -0.3485, -0.3486, -0.3486, -0.3483, -0.3482, -0.3486, -0.3487, -0.3488, -0.3482, -0.3485, -0.3486, -0.3486, -0.3487, -0.3484, -0.3490, -0.3491, -0.3488, -0.3487, -0.3492, -0.3491, -0.3491, -0.3494, -0.3496, -0.3499, -0.3496, -0.3494, -0.3495, -0.3498, -0.3496, -0.3490, -0.3486, -0.3485
0.3883, -0.3630, -0.3632, -0.3624, -0.3620, -0.3626, -0.3626, -0.3625, -0.3628, -0.3633, -0.3634, -0.3633, -0.3635, -0.3640, -0.3644, -0.3645, -0.3639, -0.3635, -0.3636, -0.3640, -0.3642, -0.3641, -0.3632, -0.3629, -0.3629, -0.3631, -0.3635, -0.3637, -0.3636, -0.3634, -0.3638, -0.3637, -0.3638, -0.3633, -0.3626, -0.3625, -0.3628, -0.3629, -0.3635, -0.3638, -0.3638, -0.3634, -0.3633, -0.3631, -0.3628, -0.3630, -0.3630, -0.3630, -0.3634, -0.3633, -0.3630, -0.3640, -0.3643, -0.3643, -0.3644, -0.3644, -0.3644, -0.3646, -0.3644, -0.3646, -0.3649, -0.3646, -0.3644, -0.3652, -0.3654, -0.3652, -0.3650, -0.3650, -0.3652, -0.3654, -0.3648, -0.3647, -0.3651, -0.3650, -0.3652, -0.3653, -0.3653, -0.3653, -0.3659, -0.3661, -0.3659, -0.3654, -0.3655, -0.3660, -0.3660, -0.3662, -0.3656
0.3347, -0.3711, -0.3772, -0.3769, -0.3769, -0.3779, -0.3780, -0.3775, -0.3776, -0.3779, -0.3781, -0.3777, -0.3782, -0.3790, -0.3792, -0.3788, -0.3786, -0.3785, -0.3785, -0.3786, -0.3788, -0.3782, -0.3777, -0.3777, -0.3779, -0.3785, -0.3785, -0.3779, -0.3777, -0.3782, -0.3781, -0.3779, -0.3779, -0.3774, -0.3777, -0.3776, -0.3779, -0.3782, -0.3781, -0.3784, -0.3784, -0.3778, -0.3782, -0.3779, -0.3780, -0.3780, -0.3781, -0.3775, -0.3781, -0.3782, -0.3775, -0.3780, -0.3782, -0.3781, -0.3782, -0.3782, -0.3786, -0.3788, -0.3787, -0.3785, -0.3785, -0.3786, -0.3789, -0.3788, -0.3790, -0.3793, -0.3791, -0.3789, -0.3791, -0.3796, -0.3794, -0.3792, -0.3793, -0.3795, -0.3795, -0.3794, -0.3795, -0.3792, -0.3795, -0.3796, -0.3796, -0.3794, -0.3793, -0.3793, -0.3792, -0.3792, -0.3794
0.5000, -0.0771, -0.3904, -0.3910, -0.3914, -0.3912, -0.3911, -0.3908, -0.3907, -0.3908, -0.3911, -0.3911, -0.3911, -0.3913, -0.3912, -0.3910, -0.3910, -0.3912, -0.3912, -0.3912, -0.3912, -0.3912, -0.3907, -0.3906, -0.3910, -0.3913, -0.3911, -0.3911, -0.3910, -0.3910, -0.3906, -0.3902, -0.3904, -0.3906, -0.3909, -0.3907, -0.3910, -0.3914, -0.3913, -0.3915, -0.3915, -0.3912, -0.3914, -0.3913, -0.3915, -0.3914, -0.3914, -0.3911, -0.3913, -0.3918, -0.3915, -0.3917, -0.3919, -0.3924, -0.3926, -0.3919, -0.3919, -0.3921, -0.3921, -0.3919, -0.3917, -0.3917, -0.3920, -0.3921, -0.3924, -0.3925, -0.3921, -0.3922, -0.3922, -0.3924, -0.3925, -0.3923, -0.3923, -0.3926, -0.3927, -0.3925, -0.3920, -0.3917, -0.3919, -0.3920, -0.3916, -0.3917, -0.3918, -0.3916, -0.3915, -0.3914, -0.3915
0.5000, 0.2631, -0.4024, -0.4025, -0.4024, -0.4022, -0.4022, -0.4023, -0.4027, -0.4031, -0.4029, -0.4028, -0.4025, -0.4026, -0.4026, -0.4027, -0.4028, -0.4024, -0.4026, -0.4028, -0.4024, -0.4021, -0.4020, -0.4021, -0.4025, -0.4029, -0.4028, -0.4025, -0.4023, -0.4020, -0.4021, -0.4022, -0.4019, -0.4023, -0.4027, -0.4025, -0.4026, -0.4024, -0.4024, -0.4027, -0.4025, -0.4026, -0.4030, -0.4024, -0.4028, -0.4028, -0.4030, -0.4027, -0.4026, -0.4028, -0.4026, -0.4030, -0.4035, -0.4038, -0.4036, -0.4034, -0.4031, -0.4035, -0.4037, -0.4032, -0.4034, -0.4034, -0.4035, -0.4035, -0.4038, -0.4038, -0.4034, -0.4035, -0.4031, -0.4039, -0.4042, -0.4037, -0.4033, -0.4035, -0.4040, -0.4041, -0.4043, -0.4038, -0.4037, -0.4039, -0.4039, -0.4039, -0.4038, -0.4034, -0.4030, -0.4030, -0.4032
0.5000, 0.2791, -0.4122, -0.4128, -0.4133, -0.4129, -0.4125, -0.4128, -0.4130, -0.4131, -0.4131, -0.4132, -0.4133, -0.4133, -0.4133, -0.4132, -0.4132, -0.4131, -0.4131, -0.4130, -0.4127, -0.4126, -0.4129, -0.4132, -0.4132, -0.4132, -0.4132, -0.4127, -0.4129, -0.4130, -0.4131, -0.4132, -0.4129, -0.4131, -0.4131, -0.4130, -0.4131, -0.4129, -0.4132, -0.4133, -0.4132, -0.4136, -0.4136, -0.4130, -0.4133, -0.4133, -0.4134, -0.4130, -0.4129, -0.4132, -0.4132, -0.4134, -0.4135, -0.4137, -0.4136, -0.4136, -0.4137, -0.4139, -0.4140, -0.4137, -0.4136, -0.4138, -0.4137, -0.4138, -0.4138, -0.4139, -0.4141, -0.4138, -0.4136, -0.4138, -0.4142, -0.4140, -0.4136, -0.4135, -0.4136, -0.4137, -0.4138, -0.4142, -0.4141, -0.4139, -0.4141, -0.4143, -0.4141, -0.4138, -0.4136, -0.4137, -0.4140
0.5000, 0.4288, -0.3824, -0.4220, -0.4223, -0.4224, -0.4224, -0.4225, -0.4224, -0.4225, -0.4226, -0.4228, -0.4229, -0.4228, -0.4225, -0.4223, -0.4225, -0.4225, -0.4225, -0.4223, -0.4222, -0.4222, -0.4223, -0.4225, -0.4228, -0.4229, -0.4225, -0.4226, -0.4225, -0.4224, -0.4224, -0.4225, -0.4229, -0.4227, -0.4227, -0.4228, -0.4228, -0.4228, -0.4227, -0.4225, -0.4228, -0.4231, -0.4227, -0.4226, -0.4232, -0.4230, -0.4231, -0.4231, -0.4231, -0.4233, -0.4232, -0.4232, -0.4233, -0.4235, -0.4236, -0.4237, -0.4239, -0.4235, -0.4236, -0.4236, -0.4234, -0.4232, -0.4234, -0.4232, -0.4233, -0.4235, -0.4236, -0.4233, -0.4230, -0.4230, -0.4231, -0.4232, -0.4234, -0.4234, -0.4231, -0.4232, -0.4236, -0.4236, -0.4234, -0.4233, -0.4233, -0.4235, -0.4235, -0.4233, -0.4233, -0.4231, -0.4230
0.5000, 0.4926, -0.2889, -0.4306, -0.4309, -0.4309, -0.4310, -0.4312, -0.4310, -0.4309, -0.4310, -0.4308, -0.4307, -0.4309, -0.4310, -0.4308, -0.4310, -0.4310, -0.4309, -0.4308, -0.4307, -0.4306, -0.4311, -0.4313, -0.4312, -0.4309, -0.4312, -0.4310, -0.4308, -0.4309, -0.4308, -0.4315, -0.4318, -0.4313, -0.4313, -0.4313, -0.4313, -0.4314, -0.4312, -0.4312, -0.4313, -0.4315, -0.4315, -0.4314, -0.4317, -0.4316, -0.4316, -0.4316, -0.4314, -0.4319, -0.4320, -0.4317, -0.4318, -0.4319, -0.4320, -0.4321, -0.4323, -0.4321, -0.4319, -0.4318, -0.4319, -0.4317, -0.4319, -0.4319, -0.4318, -0.4318, -0.4317, -0.4318, -0.4317, -0.4316, -0.4315, -0.4317, -0.4319, -0.4318, -0.4316, -0.4318, -0.4318, -0.4319, -0.4319, -0.4318, -0.4319, -0.4319, -0.4316, -0.4318, -0.4320, -0.4320, -0.4317
0.5000, 0.5000, 0.1703, -0.4387, -0.4389, -0.4389, -0.4389, -0.4389, -0.4389, -0.4388, -0.4388, -0.4388, -0.4387, -0.4388, -0.4388, -0.4389, -0.4388, -0.4388, -0.4385, -0.4382, -0.4386, -0.4388, -0.4388, -0.4391, -0.4389, -0.4387, -0.4388, -0.4388, -0.4386, -0.4385, -0.4390, -0.4396, -0.4395, -0.4393, -0.4392, -0.4392, -0.4389, -0.4388, -0.4391, -0.4392, -0.4393, -0.4396, -0.4397, -0.4394, -0.4394, -0.4394, -0.4393, -0.4393, -0.4394, -0.4396, -0.4398, -0.4398, -0.4393, -0.4394, -0.4396, -0.4397, -0.4398, -0.4399, -0.4396, -0.4395, -0.4398, -0.4397, -0.4394, -0.4393, -0.4392, -0.4393, -0.4393, -0.4395, -0.4396, -0.4393, -0.4393, -0.4395, -0.4393, -0.4393, -0.4396, -0.4397, -0.4396, -0.4395, -0.4395, -0.4397, -0.4396, -0.4395, -0.4396, -0.4394, -0.4393, -0.4396, -0.4398
0.5000, 0.5000, 0.3676, -0.4380, -0.4459, -0.4456, -0.4459, -0.4459, -0.4458, -0.4458, -0.4460, -0.4460, -0.4458, -0.4458, -0.4460, -0.4460, -0.4461, -0.4460, -0.4458, -0.4458, -0.4460, -0.4461, -0.4462, -0.4461, -0.4462, -0.4461, -0.4460, -0.4462, -0.4460, -0.4462, -0.4466, -0.4465, -0.4465, -0.4463, -0.4464, -0.4466, -0.4463, -0.4463, -0.4464, -0.4464, -0.4465, -0.4466, -0.4467, -0.4466, -0.4466, -0.4468, -0.4468, -0.4466, -0.4467, -0.4470, -0.4469, -0.4469, -0.4467, -0.4468, -0.4467, -0.4466, -0.4468, -0.4467, -0.4467, -0.4469, -0.4468, -0.4467, -0.4465, -0.4465, -0.4464, -0.4465, -0.4465, -0.4468, -0.4471, -0.4470, -0.4466, -0.4464, -0.4464, -0.4466, -0.4466, -0.4468, -0.4470, -0.4468, -0.4466, -0.4466, -0.4469, -0.4467, -0.4464, -0.4462, -0.4463, -0.4464, -0.4463
0.5000, 0.5000, 0.4693, -0.3768, -0.4526, -0.4525, -0.4524, -0.4523, -0.4523, -0.4525, -0.4526, -0.4526, -0.4526, -0.4523, -0.4525, -0.4525, -0.4526, -0.4525, -0.4523, -0.4526, -0.4527, -0.4528, -0.4528, -0.4528, -0.4527, -0.4525, -0.4527, -0.4528, -0.4527, -0.4531, -0.4534, -0.4533, -0.4532, -0.4530, -0.4529, -0.4531, -0.4530, -0.4531, -0.4533, -0.4531, -0.4530, -0.4533, -0.4534, -0.4535, -0.4533, -0.4533, -0.4534, -0.4534, -0.4534, -0.4534, -0.4533, -0.4534, -0.4533, -0.4531, -0.4533, -0.4534, -0.4532, -0.4533, -0.4535, -0.4535, -0.4532, -0.4531, -0.4530, -0.4530, -0.4531, -0.4530, -0.4530, -0.4533, -0.4534, -0.4535, -0.4536, -0.4533, -0.4530, -0.4529, -0.4531, -0.4531, -0.4531, -0.4534, -0.4531, -0.4531, -0.4532, -0.4533, -0.4531, -0.4528, -0.4529, -0.4531, -0.4530
0.5000, 0.5000, 0.5000, -0.0629, -0.4585, -0.4586, -0.4583, -0.4585, -0.4586, -0.4587, -0.4588, -0.4588, -0.4588, -0.4587, -0.4587, -0.4585, -0.4585, -0.4587, -0.4586, -0.4587, -0.4589, -0.4589, -0.4590, -0.4591, -0.4588, -0.4585, -0.4586, -0.4588, -0.4591, -0.4593, -0.4593, -0.4592, -0.4590, -0.4591, -0.4591, -0.4590, -0.4589, -0.4590, -0.4592, -0.4594, -0.4595, -0.4595, -0.4595, -0.4595, -0.4594, -0.4594, -0.4592, -0.4592, -0.4592, -0.4590, -0.4591, -0.4593, -0.4591, -0.4591, -0.4591, -0.4592, -0.4590, -0.4590, -0.4591, -0.4593, -0.4591, -0.4590, -0.4591, -0.4593, -0.4591, -0.4589, -0.4586, -0.4591, -0.4593, -0.4593, -0.4592, -0.4591, -0.4589, -0.4589, -0.4590, -0.4590, -0.4591, -0.4594, -0.4594, -0.4592, -0.4592, -0.4593, -0.4593, -0.4593, -0.4592, -0.4590, -0.4590
0.5000, 0.5000, 0.5000, 0.1585, -0.4639, -0.4641, -0.4641, -0.4641, -0.4641, -0.4643, -0.4643, -0.4642, -0.4641, -0.4642, -0.4644, -0.4645, -0.4647, -0.4646, -0.4645, -0.4645, -0.4646, -0.4648, -0.4647, -0.4647, -0.4646, -0.4645, -0.4644, -0.4648, -0.4648, -0.4648, -0.4649, -0.4648, -0.4649, -0.4648, -0.4646, -0.4645, -0.4645, -0.4648, -0.4649, -0.4650, -0.4652, -0.4652, -0.4649, -0.4651, -0.4651, -0.4650, -0.4651, -0.4651, -0.4651, -0.4648, -0.4647, -0.4649, -0.4649, -0.4650, -0.4649, -0.4648, -0.4647, -0.4646, -0.4647, -0.4647, -0.4647, -0.4645, -0.4646, -0.4649, -0.4649, -0.4647, -0.4644, -0.4645, -0.4648, -0.4651, -0.4651, -0.4652, -0.4650, -0.4647, -0.4647, -0.4649, -0.4650, -0.4649, -0.4649, -0.4649, -0.4649, -0.4649, -0.4649, -0.4649, -0.4649, -0.4647, -0.4645
0.5000, 0.5000, 0.5000, 0.4868, -0.0469, -0.4692, -0.4692, -0.4693, -0.4693, -0.4693, -0.4694, -0.4696, -0.4697, -0.4697, -0.4697, -0.4698, -0.4698, -0.4698, -0.4698, -0.4697, -0.4699, -0.4697, -0.4696, -0.4697, -0.4697, -0.4697, -0.4699, -0.4703, -0.4701, -0.4701, -0.4702, -0.4700, -0.4700, -0.4698, -0.4697, -0.4699, -0.4700, -0.4701, -0.4701, -0.4702, -0.4704, -0.4703, -0.4702, -0.4702, -0.4701, -0.4701, -0.4702, -0.4703, -0.4704, -0.4703, -0.4703, -0.4703, -0.4702, -0.4700, -0.4701, -0.4701, -0.4699, -0.4698, -0.4700, -0.4699, -0.4699, -0.4699, -0.4697, -0.4697, -0.4699, -0.4701, -0.4701, -0.4699, -0.4700, -0.4702, -0.4703, -0.4703, -0.4704, -0.4701, -0.4700, -0.4700, -0.4700, -0.4701, -0.4701, -0.4701, -0.4702, -0.4703, -0.4702, -0.4702, -0.4702, -0.4703, -0.4702
0.5000, 0.5000, 0.5000, 0.5000, 0.1632, -0.4742, -0.4741, -0.4741, -0.4742, -0.4745, -0.4743, -0.4743, -0.4744, -0.4743, -0.4746, -0.4748, -0.4748, -0.4748, -0.4747, -0.4747, -0.4747, -0.4744, -0.4743, -0.4744, -0.4746, -0.4747, -0.4749, -0.4750, -0.4749, -0.4749, -0.4749, -0.4749, -0.4749, -0.4749, -0.4749, -0.4749, -0.4748, -0.4749, -0.4751, -0.4753, -0.4752, -0.4751, -0.4750, -0.4750, -0.4751, -0.4752, -0.4751, -0.4750, -0.4753, -0.4751, -0.4750, -0.4749, -0.4748, -0.4749, -0.4749, -0.4749, -0.4747, -0.4747, -0.4748, -0.4748, -0.4748, -0.4748, -0.4746, -0.4746, -0.4747, -0.4748, -0.4750, -0.4748, -0.4746, -0.4747, -0.4749, -0.4752, -0.4750, -0.4750, -0.4749, -0.4749, -0.4749, -0.4748, -0.4746, -0.4747, -0.4748, -0.4750, -0.4750, -0.4750, -0.4749, -0.4750, -0.4752
0.5000, 0.5000, 0.5000, 0.5000, 0.2333, -0.4786, -0.4788, -0.4789, -0.4790, -0.4791, -0.4793, -0.4791, -0.4789, -0.4790, -0.4792, -0.4793, -0.4791, -0.4791, -0.4793, -0.4792, -0.4792, -0.4791, -0.4790, -0.4791, -0.4792, -0.4792, -0.4793, -0.4793, -0.4791, -0.4792, -0.4793, -0.4794, -0.4795, -0.4796, -0.4795, -0.4797, -0.4796, -0.4798, -0.4798, -0.4798, -0.4797, -0.4795, -0.4797, -0.4797, -0.4797, -0.4798, -0.4797, -0.4795, -0.4795, -0.4796, -0.4796, -0.4794, -0.4795, -0.4795, -0.4795, -0.4795, -0.4794, -0.4793, -0.4792, -0.4793, -0.4794, -0.4795, -0.4794, -0.4791, -0.4791, -0.4794, -0.4795, -0.4794, -0.4792, -0.4792, -0.4793, -0.4796, -0.4796, -0.4795, -0.4795, -0.4794, -0.4793, -0.4793, -0.4794, -0.4794, -0.4793, -0.4793, -0.4795, -0.4795, -0.4794, -0.4793, -0.4794
0.5000, 0.5000, 0.5000, 0.5000, 0.3797, -0.4827, -0.4833, -0.4833, -0.4833, -0.4833, -0.4832, -0.4832, -0.4834, -0.4837, -0.4836, -0.4834, -0.4835, -0.4836, -0.4835, -0.4835, -0.4835, -0.4835, -0.4834, -0.4835, -0.4836, -0.4834, -0.4834, -0.4834, -0.4835, -0.4835, -0.4836, -0.4837, -0.4839, -0.4838, -0.4838, -0.4840, -0.4841, -0.4841, -0.4838, -0.4837, -0.4838, -0.4838, -0.4838, -0.4837, -0.4838, -0.4838, -0.4839, -0.4838, -0.4838, -0.4837, -0.4838, -0.4839, -0.4839, -0.4837, -0.4836, -0.4838, -0.4837, -0.4836, -0.4835, -0.4836, -0.4837, -0.4837, -0.4837, -0.4835, -0.4836, -0.4835, -0.4835, -0.4834, -0.4834, -0.4834, -0.4835, -0.4835, -0.4837, -0.4837, -0.4837, -0.4837, -0.4836, -0.4835, -0.4836, -0.4836, -0.4835, -0.4836, -0.4837, -0.4839, -0.4839, -0.4838, -0.4837
0.5000, 0.5000, 0.5000, 0.5000, 0.4020, -0.3150, -0.4873, -0.4873, -0.4872, -0.4870, -0.4871, -0.4873, -0.4875, -0.4875, -0.4875, -0.4876, -0.4877, -0.4876, -0.4876, -0.4876, -0.4875, -0.4874, -0.4876, -0.4877, -0.4875, -0.4875, -0.4875, -0.4876, -0.4876, -0.4876, -0.4877, -0.4878, -0.4879, -0.4878, -0.4879, -0.4880, -0.4879, -0.4879, -0.4879, -0.4878, -0.4879, -0.4879, -0.4878, -0.4877, -0.4877, -0.4877, -0.4877, -0.4877, -0.4877, -0.4878, -0.4878, -0.4878, -0.4877, -0.4878, -0.4878, -0.4877, -0.4875, -0.4875, -0.4876, -0.4878, -0.4877, -0.4876, -0.4877, -0.4877, -0.4877, -0.4876, -0.4876, -0.4876, -0.4875, -0.4874, -0.4874, -0.4874, -0.4875, -0.4875, -0.4875, -0.4875, -0.4875, -0.4874, -0.4874, -0.4876, -0.4876, -0.4876, -0.4876, -0.4877, -0.4879, -0.4879, -0.4878
0.5000, 0.5000, 0.5000, 0.5000, 0.5000, -0.2988, -0.4910, -0.4911, -0.4910, -0.4909, -0.4910, -0.4911, -0.4911, -0.4912, -0.4914, -0.4915, -0.4915, -0.4913, -0.4913, -0.4914, -0.4913, -0.4913, -0.4914, -0.4915, -0.4913, -0.4914, -0.4915, -0.4915, -0.4915, -0.4915, -0.4916, -0.4917, -0.4916, -0.4916, -0.4918, -0.4917, -0.4916, -0.4916, -0.4916, -0.4916, -0.4915, -0.4915, -0.4916, -0.4915, -0.4915, -0.4916, -0.4916, -0.4915, -0.4915, -0.4915, -0.4915, -0.4915, -0.4916, -0.4917, -0.4917, -0.4916, -0.4914, -0.4914, -0.4914, -0.4916, -0.4917, -0.4915, -0.4914, -0.4915, -0.4913, -0.4912, -0.4912, -0.4912, -0.4913, -0.4913, -0.4912, -0.4913, -0.4913, -0.4913, -0.4914, -0.4914, -0.4914, -0.4914, -0.4911, -0.4910, -0.4912, -0.4914, -0.4914, -0.4914, -0.4914, -0.4914, -0.4915
0.5000, 0.5000, 0.5000, 0.5000, 0.5000, -0.0046, -0.4945, -0.4945, -0.4945, -0.4945, -0.4946, -0.4945, -0.4946, -0.4948, -0.4950, -0.4949, -0.4948, -0.4949, -0.4950, -0.4951, -0.4951, -0.4950, -0.4950, -0.4949, -0.4950, -0.4950, -0.4950, -0.4951, -0.4951, -0.4951, -0.4952, -0.4952, -0.4952, -0.4954, -0.4954, -0.4951, -0.4951, -0.4951, -0.4951, -0.4951, -0.4951, -0.4951, -0.4951, -0.4950, -0.4950, -0.4951, -0.4951, -0.4951, -0.4951, -0.4951, -0.4952, -0.4950, -0.4950, -0.4950, -0.4950, -0.4951, -0.4950, -0.4949, -0.4947, -0.4949, -0.4950, -0.4950, -0.4951, -0.4951, -0.4949, -0.4949, -0.4948, -0.4948, -0.4949, -0.4948, -0.4947, -0.4948, -0.4948, -0.4948, -0.4947, -0.4948, -0.4949, -0.4948, -0.4948, -0.4947, -0.4947, -0.4947, -0.4948, -0.4949, -0.4949, -0.4949, -0.4949
0.5000, 0.5000, 0.5000, 0.5000, 0.5000, 0.4574, -0.3783, -0.4977, -0.4978, -0.4979, -0.4979, -0.4979, -0.4981, -0.4981, -0.4982, -0.4981, -0.4981, -0.4983, -0.4984, -0.4984, -0.4983, -0.4983, -0.4983, -0.4982, -0.4983, -0.4986, -0.4986, -0.4985, -0.4984, -0.4985, -0.4986, -0.4987, -0.4985, -0.4986, -0.4986, -0.4985, -0.4985, -0.4984, -0.4983, -0.4984, -0.4984, -0.4984, -0.4984, -0.4984, -0.4984, -0.4984, -0.4984, -0.4984, -0.4986, -0.4986, -0.4985, -0.4984, -0.4985, -0.4985, -0.4983, -0.4984, -0.4984, -0.4982, -0.4982, -0.4982, -0.4982, -0.4982, -0.4983, -0.4983, -0.4982, -0.4981, -0.4980, -0.4982, -0.4982, -0.4981, -0.4981, -0.4980, -0.4980, -0.4981, -0.4980, -0.4981, -0.4981, -0.4981, -0.4983, -0.4982, -0.4981, -0.4981, -0.4982, -0.4982, -0.4982, -0.4982, -0.4982
0.5000, 0.5000, 0.5000, 0.5000, 0.5000, 0.5000, 0.2788, -0.4833, -0.4999, -0.4999, -0.5000, -0.5000, -0.5000, -0.5000, -0.5000, -0.5000, -0.5000, -0.5000, -0.5000, -0.5000, -0.5000, -0.5000, -0.5000, -0.5000, -0.5000, -0.5000, -0.5000, -0.5000, -0.5000, -0.5000, -0.5000, -0.5000, -0.5000, -0.5000, -0.5000, -0.5000, -0.5000, -0.5000, -0.5000, -0.5000, -0.5000, -0.5000, -0.5000, -0.5000, -0.5000, -0.5000, -0.5000, -0.5000, -0.5000, -0.5000, -0.5000, -0.5000, -0.5000, -0.5000, -0.5000, -0.5000, -0.5000, -0.5000, -0.5000, -0.5000, -0.5000, -0.5000, -0.5000, -0.5000, -0.5000, -0.5000, -0.5000, -0.5000, -0.5000, -0.5000, -0.5000, -0.5000, -0.5000, -0.5000, -0.5000, -0.5000, -0.5000, -0.5000, -0.5000, -0.5000, -0.5000, -0.5000, -0.5000, -0.5000, -0.5000, -0.5000, -0.5000
0.5000, 0.5000, 0.5000, 0.5000, 0.5000, 0.5000, 0.3549, -0.5000, -0.5000, -0.5000, -0.5000, -0.5000, -0.5000, -0.5000, -0.5000, -0.5000, -0.5000, -0.5000, -0.5000, -0.5000, -0.5000, -0.5000, -0.5000, -0.5000, -0.5000, -0.5000, -0.5000, -0.5000, -0.5000, -0.5000, -0.5000, -0.5000, -0.5000, -0.5000, -0.5000, -0.5000, -0.5000, -0.5000, -0.5000, -0.5000, -0.5000, -0.5000, -0.5000, -0.5000, -0.5000, -0.5000, -0.5000, -0.5000, -0.5000, -0.5000, -0.5000, -0.5000, -0.5000, -0.5000, -0.5000, -0.5000, -0.5000, -0.5000, -0.5000, -0.5000, -0.5000, -0.5000, -0.5000, -0.5000, -0.5000, -0.5000, -0.5000, -0.5000, -0.5000, -0.5000, -0.5000, -0.5000, -0.5000, -0.5000, -0.5000, -0.5000, -0.5000, -0.5000, -0.5000, -0.5000, -0.5000, -0.5000, -0.5000, -0.5000, -0.5000, -0.5000, -0.5000
0.5000, 0.5000, 0.5000, 0.5000, 0.5000, 0.5000, 0.4867, -0.2135, -0.5000, -0.5000, -0.5000, -0.5000, -0.5000, -0.5000, -0.5000, -0.5000, -0.5000, -0.5000, -0.5000, -0.5000, -0.5000, -0.5000, -0.5000, -0.5000, -0.5000, -0.5000, -0.5000, -0.5000, -0.5000, -0.5000, -0.5000, -0.5000, -0.5000, -0.5000, -0.5000, -0.5000, -0.5000, -0.5000, -0.5000, -0.5000, -0.5000, -0.5000, -0.5000, -0.5000, -0.5000, -0.5000, -0.5000, -0.5000, -0.5000, -0.5000, -0.5000, -0.5000, -0.5000, -0.5000, -0.5000, -0.5000, -0.5000, -0.5000, -0.5000, -0.5000, -0.5000, -0.5000, -0.5000, -0.5000, -0.5000, -0.5000, -0.5000, -0.5000, -0.5000, -0.5000, -0.5000, -0.5000, -0.5000, -0.5000, -0.5000, -0.5000, -0.5000, -0.5000, -0.5000, -0.5000, -0.5000, -0.5000, -0.5000, -0.5000, -0.5000, -0.5000, -0.5000
0.5000, 0.5000, 0.5000, 0.5000, 0.5000, 0.5000, 0.5000, 0.2741, -0.4971, -0.5000, -0.5000, -0.5000, -0.5000, -0.5000, -0.5000, -0.5000, -0.5000, -0.5000, -0.5000, -0.5000, -0.5000, -0.5000, -0.5000, -0.5000, -0.5000, -0.5000, -0.5000, -0.5000, -0.5000, -0.5000, -0.5000, -0.5000, -0.5000, -0.5000, -0.5000, -0.5000, -0.5000, -0.5000, -0.5000, -0.5000, -0.5000, -0.5000, -0.5000, -0.5000, -0.5000, -0.5000, -0.5000, -0.5000, -0.5000, -0.5000, -0.5000, -0.5000, -0.5000, -0.5000, -0.5000, -0.5000, -0.5000, -0.5000, -0.5000, -0.5000, -0.5000, -0.5000, -0.5000, -0.5000, -0.5000, -0.5000, -0.5000, -0.5000, -0.5000, -0.5000, -0.5000, -0.5000, -0.5000, -0.5000, -0.5000, -0.5000, -0.5000, -0.5000, -0.5000, -0.5000, -0.5000, -0.5000, -0.5000, -0.5000, -0.5000, -0.5000, -0.5000
0.5000, 0.5000, 0.5000, 0.5000, 0.5000, 0.5000, 0.5000, 0.4841, -0.4103, -0.5000, -0.5000, -0.5000, -0.5000, -0.5000, -0.5000, -0.5000, -0.5000, -0.5000, -0.5000, -0.5000, -0.5000, -0.5000, -0.5000, -0.5000, -0.5000, -0.5000, -0.5000, -0.5000, -0.5000, -0.5000, -0.5000, -0.5000, -0.5000, -0.5000, -0.5000, -0.5000, -0.5000, -0.5000, -0.5000, -0.5000, -0.5000, -0.5000, -0.5000, -0.5000, -0.5000, -0.5000, -0.5000, -0.5000, -0.5000, -0.5000, -0.5000, -0.5000, -0.5000, -0.5000, -0.5000, -0.5000, -0.5000, -0.5000, -0.5000, -0.5000, -0.5000, -0.5000, -0.5000, -0.5000, -0.5000, -0.5000, -0.5000, -0.5000, -0.5000, -0.5000, -0.5000, -0.5000, -0.5000, -0.5000, -0.5000, -0.5000, -0.5000, -0.5000, -0.5000, -0.5000, -0.5000, -0.5000, -0.5000, -0.5000, -0.5000, -0.5000, -0.5000
0.5000, 0.5000, 0.5000, 0.5000, 0.5000, 0.5000, 0.5000, 0.5000, 0.0398, -0.3225, -0.5000, -0.5000, -0.5000, -0.5000, -0.5000, -0.5000, -0.5000, -0.5000, -0.5000, -0.5000, -0.5000, -0.5000, -0.5000, -0.5000, -0.5000, -0.5000, -0.5000, -0.5000, -0.5000, -0.5000, -0.5000, -0.5000, -0.5000, -0.5000, -0.5000, -0.5000, -0.5000, -0.5000, -0.5000, -0.5000, -0.5000, -0.5000, -0.5000, -0.5000, -0.5000, -0.5000, -0.5000, -0.5000, -0.5000, -0.5000, -0.5000, -0.5000, -0.5000, -0.5000, -0.5000, -0.5000, -0.5000, -0.5000, -0.5000, -0.5000, -0.5000, -0.5000, -0.5000, -0.5000, -0.5000, -0.5000, -0.5000, -0.5000, -0.5000, -0.5000, -0.5000, -0.5000, -0.5000, -0.5000, -0.5000, -0.5000, -0.5000, -0.5000, -0.5000, -0.5000, -0.5000, -0.5000, -0.5000, -0.5000, -0.5000, -0.5000, -0.5000
0.3657, 0.3657, 0.3657, 0.3657, 0.3657, 0.3657, 0.3657, 0.3657, 0.0752, -0.4487, -0.5000, -0.5000, -0.5000, -0.5000, -0.5000, -0.5000, -0.5000, -0.5000, -0.5000, -0.5000, -0.5000, -0.5000, -0.5000, -0.5000, -0.5000, -0.5000, -0.5000, -0.5000, -0.5000, -0.5000, -0.5000, -0.5000, -0.5000, -0.5000, -0.5000, -0.5000, -0.5000, -0.5000, -0.5000, -0.5000, -0.5000, -0.5000, -0.5000, -0.5000, -0.5000, -0.5000, -0.5000, -0.5000, -0.5000, -0.5000, -0.5000, -0.5000, -0.5000, -0.5000, -0.5000, -0.5000, -0.5000, -0.5000, -0.5000, -0.5000, -0.5000, -0.5000, -0.5000, -0.5000, -0.5000, -0.5000, -0.5000, -0.5000, -0.5000, -0.5000, -0.5000, -0.5000, -0.5000, -0.5000, -0.5000, -0.5000, -0.5000, -0.5000, -0.5000, -0.5000, -0.5000, -0.5000, -0.5000, -0.5000, -0.5000, -0.5000, -0.5000
